Matrix A:
    333.08   43.1051    3.3219 -0.104401   78.0522   152.368   120.272  -30.2264    20.062    5.0789
   43.1051   314.871   104.307   35.6786   63.5081   23.6285   130.023   131.622   147.375  -34.5918
    3.3219   104.307   270.723    126.71   133.702   84.1469  -9.22691    59.554   237.633   139.619
 -0.104401   35.6786    126.71   248.676   13.2676   36.5468 -0.908203   51.9216   110.854   120.495
   78.0522   63.5081   133.702   13.2676    220.48   70.4892   85.0323   -31.492   122.689   23.7902
   152.368   23.6285   84.1469   36.5468   70.4892   265.582  -30.5733   61.4672   108.627   56.9121
   120.272   130.023  -9.22691 -0.908203   85.0323  -30.5733   251.094    -44.36    47.834  -106.972
  -30.2264   131.622    59.554   51.9216   -31.492   61.4672    -44.36   193.366    53.144    9.2436
    20.062   147.375   237.633   110.854   122.689   108.627    47.834    53.144   307.461   80.6768
    5.0789  -34.5918   139.619   120.495   23.7902   56.9121  -106.972    9.2436   80.6768   302.399
Vector f:
     26908    -87741    -16153    249.42   -2.4495e+05     -1.9189e+05   -9725.6    9138.7    -88691    -16553
Vector x:
      2.45     -5.94     -8.42     -2.23     -6.71     -0.19         3      6.48     -1.97     -4.77
         w     k + 1    maxResidual
0.2       491  0.000627
0.50       160  0.000206
0.80        96  0.000085
1.00        70  0.000044
1.30        34  0.000017
1.50        48  0.000028
1.80       146  0.000020
   2.45000  -5.94001  -8.42002  -2.23000  -6.71000  -0.19000   3.00000   6.48001  -1.96998  -4.76999
