Matrix A:
   300.912   73.0404   90.8604  -59.3215   88.3725    60.448   208.679   60.9002   89.2405  -27.5737
   73.0404   250.736    52.354  -92.9136  -118.398   62.6596  -48.9584   35.3172   -81.088   127.357
   90.8604    52.354    211.19   4.47629    4.6221   107.579    64.931   75.7255   158.917   52.4525
  -59.3215  -92.9136   4.47629   255.203   89.0208   104.901  -48.7208   32.2107   95.1908   40.3392
   88.3725  -118.398    4.6221   89.0208   242.808  -31.2752   101.378   32.1643   123.025   -11.608
    60.448   62.6596   107.579   104.901  -31.2752   280.197   65.2396   4.92821   19.6678   129.424
   208.679  -48.9584    64.931  -48.7208   101.378   65.2396   328.334    4.4422   29.1052   -18.988
   60.9002   35.3172   75.7255   32.2107   32.1643   4.92821    4.4422   307.939   70.1867  -61.2557
   89.2405   -81.088   158.917   95.1908   123.025   19.6678   29.1052   70.1867   282.455  -83.1038
  -27.5737   127.357   52.4525   40.3392   -11.608   129.424   -18.988  -61.2557  -83.1038   273.393
Vector f:
-5.9727e+05-1.9719e+05-1.7551e+05    -19382     32029-1.9395e+05-4.0736e+05-1.0379e+05     84299     82776
Vector x:
     -0.16     -3.96     -7.45      1.93     -4.74     -7.22      -2.7     -5.51      8.99     -3.48
         w     k + 1    maxResidual
0.2       663  3.586337
0.50       263  2.124961
0.80       149  0.067262
1.00       109  2.259501
1.30        71  7.896597
1.50       221 15.409709
1.80      1001  8.990000
   0.00000   0.00000   0.00000   0.00000   0.00000   0.00000   0.00000   0.00000   0.00000   0.00000
