Matrix A : 
    9.444000    3.024000   -4.193000    1.414000    4.221000   -1.414000
    3.024000    9.424000    1.792000   -4.193000    1.428000    2.128000
   -4.193000    1.792000    9.414001    3.724000    0.707000    3.542000
    1.414000   -4.193000    3.724000    9.434000    0.742000   -2.177000
    4.221000    1.428000    0.707000    0.742000    9.454000    0.714000
   -1.414000    2.128000    3.542000   -2.177000    0.714000    9.464000
1 VARIANT (Scalar mul)
Initial vector : 
4.000000
3.000000
2.000000
1.000000
1.000000
1.000000
Max Lambda : 16.346682
Characteristic vector :
1.000000
0.498748
-0.739258
-0.353127
0.575111
-0.259703
Number of iterations : 94
2 VARIANT (Coord div)
Initial vector : 
4.000000
3.000000
2.000000
1.000000
1.000000
1.000000
Max Lambda : 16.346712
Characteristic vector :
1.000000
0.493578
-0.741570
-0.349494
0.573565
-0.264421
Number of iterations : 261
